CpuTime, PID, StartingBurstTime, EndingBurstTime, CompletionTime
0,1,596,0,596
596,2,222,0,818
818,3,123,0,941
941,4,209,0,1150
1150,5,609,0,1759
1759,6,814,0,2573
2573,7,204,0,2777
2777,8,308,0,3085
3085,9,333,0,3418
